# Summary:
# total steps taken: 108
# of which successful: 78
# of whichwkb: 17
# time, x, dx, wkb, Ai(-t)+i*Bi(-t)
1.0000085000047143069 (-780849.91910124069545,0) (780818.47214881808031,4099592.8151532257907) 0 (0.53556096963787325205,0.10399235429757051896) (-0.010156014826898270009,0.59237651038345051635)
1.061816055244710677 (-689265.08190051361453,248376.37419878030778) (2212134.7917415918782,3847213.0829211152159) 0 (0.53514456560763179471,0.067200375737614281846) (0.023966750075759005179,0.59782062895628274024)
1.1218836016775537434 (-512490.96611996419961,457012.75600943702739) (3661082.0641578892246,2981650.7707228008658) 0 (0.53266178927177132429,0.031183218690173427484) (0.05899340517120911509,0.60103708748512807425)
1.1759563808488731063 (-283571.64086904248688,582455.98579121287912) (4741546.6608257964253,1549979.9321470125578) 0 (0.52858622150221190594,-0.0013502854058314976444) (0.091966817563412836534,0.60195610817843192564)
1.2251961833281279635 (-35638.505344550241716,615355.89590650657192) (5219219.2426797039807,-290641.35064717428759) 0 (0.52329611192064684477,-0.030974156242184153892) (0.12306490398995018065,0.60099444168499260854)
1.2704233874760482159 (197072.88002836398664,557718.95650603086688) (4932380.9256853628904,-2285898.901006153319) 0 (0.51706894391443714021,-0.058104611119692263499) (0.15242656203971416407,0.59847570370300318121)
1.3122540455894247113 (383474.58684305712814,423106.37667279713787) (3834120.0113198440522,-4118102.3447318868712) 0 (0.51011432286779667677,-0.08306453714492834095) (0.18017373392643817875,0.59465853980370098064)
1.3511306235373670148 (499691.90096402232302,235203.5696906291123) (2019273.4087409167551,-5456463.9446773845702) 0 (0.50260136282044387546,-0.1060919004416626954) (0.20639216179318112254,0.58975834812605498758)
1.3873731083430023148 (532773.82530554290861,24661.391189861955354) (-273224.25834551593289,-6021875.9579463731498) 0 (0.49467352783588997012,-0.12736483192750394644) (0.23113993141684813226,0.58396249528635202353)
1.4212392898190209234 (482808.96967420110013,-175800.50575040906551) (-2692862.1993407821283,-5650738.995540718548) 1 (0.48645108982829349253,-0.1470339609238675016) (0.25447267933675915552,0.57743474332259603354)
1.4558326784773962803 (348300.60222787340172,-349000.9329844781314) (-5012323.7438462041318,-4169443.1452897926793) 1 (0.47723356831530178157,-0.16687762048955945282) (0.27845352239703963226,0.56962092148898035848)
1.5256996063786227857 (-95865.357250766392099,-448233.86290777934482) (-6749817.9905657861382,1832805.0945339426398) 1 (0.45608065289153731925,-0.20602495650181615328) (0.3270791992114724378,0.55017332307948496606)
1.7437534277052431086 (345448.75170612020884,142895.07590524762054) (2988613.1453282544389,-8032995.8465468101203) 1 (0.36846068640683016238,-0.31666573483297977276) (0.47464716352586744375,0.45596558753077337522)
1.9249939780076021911 (-9735.78090113842336,307391.76417250244413) (10423708.053506212309,67579.796123361695209) 1 (0.27243307671955618865,-0.38914126180523939125) (0.58145822540567904113,0.33784626951571067321)
2.2061396737428076165 (-10630.271771344363515,233280.05190264145494) (13792342.485716147348,454437.56867830536794) 1 (0.091928126627540310278,-0.4509331002673469535) (0.68751677380345077584,0.090133631465889471612)
2.3713810398448247341 (-194861.29856557660969,56128.737395777534402) (4814962.8873943686485,15324282.603548204526) 1 (-0.023321692606251834962,-0.45182367726743011271) (0.70029483447079143854,-0.081473456231990801224)
2.5089821667849490083 (-174460.56502424532664,46294.090936168424378) (5074127.4084696825594,17693411.4665889889) 1 (-0.11841108956699174237,-0.43039902698981918894) (0.67625735742594883515,-0.23012521591180390423)
2.6700665269077847874 (-142077.14732205771725,76910.200865973034524) (10670975.013076135889,18820541.094172023237) 1 (-0.2222146884243328957,-0.3795129020328220637) (0.60458843302945075582,-0.39988704643872180489)
2.8769127449660820695 (-88744.509378352115164,124697.93539964448428) (21800254.620687719434,15120945.503989592195) 1 (-0.33192011880785882161,-0.27640494661315800906) (0.44365367054256293899,-0.58954491148521737109)
3.1127977273538625091 (-174581.43126605448197,-24278.307300835203932) (-4569127.7411082591861,31835629.442773021758) 1 (-0.40677247581110825836,-0.11875577682893599663) (0.17869606480236630008,-0.73035594554305582893)
3.4136041293466097279 (145714.12279622684582,201576.53451871770085) (32690735.190085213631,-22449156.616264540702) 1 (-0.40022391808244539568,0.10713073737754816306) (-0.22736773558241965554,-0.73446838065892183778)
4.1564138831598853585 (-296795.94631842081435,308027.26995181344682) (25172615.182686932385,23529101.93914379552) 1 (0.054807669647537783641,0.39090011398997764891) (-0.7953434674992496678,0.13520067765703272511)
5.2544894552170280377 (103085.93065334936546,-180963.25049470947124) (-5072547.8571829171851,-2592438.0121357883327) 1 (0.21584826059043346613,-0.30352248168594986311) (0.70669367705141750147,0.48095114248039610994)
5.4173102698462685112 (71231.943923435275792,163701.02831914569833) (3738437.5377817740664,-1750044.9878130566794) 1 (0.088466430480798191605,-0.35888978995653342263) (0.84018390833217226898,0.1896364497405533811)
5.8802293459411343335 (55608.241960229119286,-98094.380163753841771) (-1500128.6518501287792,-701542.22487303812522) 1 (-0.27432735112750517015,-0.2364562369233383643) (0.56220955636935976418,-0.6757325850319350069)
6.1911861350695991391 (17771.154148160225304,80811.23167625136557) (849682.30598452454433,-261304.22956940330914) 1 (-0.35704975406928646242,0.018967274817795410496) (-0.06158748518906830699,-0.88822842142423241718)
6.500626634830134698 (7249.1979292968235313,-60271.16412659578782) (-480349.20469636662165,2179.2243554017300085) 0 (-0.23759704966976233353,0.26138653230618269507) (-0.6759211641904113721,-0.59610671580542773373)
6.5374333655469651916 (-9547.2903801736756577,-57842.625486779041239) (-427213.59963498893194,125044.69026380724972) 0 (-0.21170778641556395328,0.28214269962435795103) (-0.72986198682532932303,-0.53084799936027571299)
6.5893181824975712857 (-28905.351680029401905,-47933.028755284001818) (-313742.91383818961913,246509.03899456304498) 0 (-0.17208534587026544371,0.30711899401591347125) (-0.79529784751791077202,-0.43036094059340335161)
6.6431405829764749171 (-42171.601406358895474,-32723.395575478913088) (-178709.88571214533295,308380.74616524914745) 0 (-0.1277728604759978126,0.32727365633349475571) (-0.84876252979944433186,-0.31722127489721269056)
6.699704775406583046 (-48427.267108196756453,-14864.738247486013279) (-45785.165493332518963,314366.26511205692077) 0 (-0.078574581178610006238,0.34167151700256254143) (-0.8877528069983451342,-0.19077464580191272336)
6.7593607388661274271 (-47661.887422158884874,2892.1044557604327565) (65573.28651228833769,274919.0699787408812) 0 (-0.02488833101614544227,0.34892978379147310264) (-0.90854635026774910322,-0.051871884036558492392)
6.8225095945555267463 (-40851.186120911734179,18152.708288083558728) (143136.61747406318318,205512.55298297468107) 0 (0.032562444726960029784,0.34748398591753509868) (-0.90687801783286059454,0.097790501694068804328)
6.8895573495153223931 (-29709.138546058475185,29172.106987628420029) (182486.56797633317183,123285.14641341680544) 0 (0.092555029357783549782,0.33562858405385820326) (-0.87802430589486657464,0.2551977109760225626)
6.960938904423375817 (-16351.319577681779265,35051.239924332876399) (186372.7339615393721,43877.883782407574472) 0 (0.15323644967920385662,0.31162508443854236573) (-0.81706754101272915936,0.41563965268734925917)
7.0371953829015119197 (-2905.1757731439283816,35774.735049563314533) (162832.01202983877738,-21048.957354130594467) 0 (0.21201920121660933205,0.27383581843319027005) (-0.71923413889686915734,0.57239069111429441428)
7.1190809601944140539 (8835.1787527288342972,32074.028981315903366) (122561.27731682544982,-65048.156873878928309) 0 (0.26544757875472185793,0.22087506312450200241) (-0.58028506119068890001,0.7162973102074658982)
7.2076836686115370867 (17626.153965780908038,25176.095710705736565) (76355.521455141177285,-86761.411412578891031) 0 (0.30896826519635395281,0.15183360119243483055) (-0.39710793073247191431,0.83508757391193799702)
7.3046051455246443496 (22848.037113777736522,16524.370659630127193) (33212.454025505685422,-88843.564225350535708) 0 (0.33657372042918998201,0.066678124712946276742) (-0.16879080781582667115,0.9122971076241461752)
7.4123837143334476707 (24461.952351097355859,7527.0396456847793161) (-721.55980240323697217,-76448.733753281165264) 0 (0.34025987190406892235,-0.033075756158860519784) (0.10153538655284202741,0.92562054036589136441)
7.5358534169448212481 (22866.405630378500064,-648.0639961106771807) (-22410.858950588830339,-55610.894921206010622) 0 (0.30881136601534642239,-0.14334247187625798192) (0.40386190584789150027,0.84329578170369468015)
7.6748718344510491463 (18998.422267730758904,-6787.6661165590576275) (-31088.460140049544862,-33453.151991323116818) 0 (0.23168228537149043733,-0.24735090383295788019) (0.69301647838205182595,0.63402186165991747391)
7.816167356206999095 (14585.278677600403171,-10251.401053277775645) (-30313.752903394364694,-16638.277695303404471) 0 (0.1186365564194096639,-0.3158222190089587933) (0.88703122958333713299,0.32170282144409773073)
7.9574043456139706976 (10621.97636093885194,-11774.83974612286147) (-25458.887661537257372,-5844.8025248508292862) 0 (-0.012568929692164047818,-0.33563018684551487736) (0.94667235650467385089,-0.045991687661639552021)
8.0981156652143972963 (7444.7580091435484064,-12122.639964940366553) (-19708.745898312030477,262.06295774850968883) 0 (-0.14129269744724440305,-0.30308313683749282808) (0.85838723435119901328,-0.41153712559759214606)
8.2393329782222934909 (5041.8115621165616176,-11844.627748409651758) (-14473.818883886739059,3270.2304312233741257) 0 (-0.24792684842026621594,-0.22224870718990849539) (0.63061490927061791822,-0.718585094752293152)
8.380810315947643474 (3305.2552362999767865,-11286.006682837467451) (-10257.251342099680187,4394.8451478742672407) 0 (-0.31441429528748376931,-0.10520290195097410646) (0.29527464494063554445,-0.9135912106058972082)
8.5233087808830774179 (2082.4173051165289507,-10644.720467421260764) (-7072.2190388467333833,4485.5479432352876756) 0 (-0.32877458283756849644,0.030164863579262013449) (-0.097716492355680598103,-0.95920517577918340546)
8.6671390782111448203 (1240.4681765791642647,-10025.717643120482535) (-4770.3989603350228208,4069.3726068927744564) 0 (-0.28641362357153465901,0.16144031393337635039) (-0.48364354743387644175,-0.83875311885858649941)
8.8124678169845793718 (671.64426459382150369,-9477.8608848527001101) (-3159.8422551196381391,3455.8877149299305529) 0 (-0.19231052973622106417,0.26498795225371202244) (-0.79226490876541644237,-0.56351168350589797562)
8.959360584452188192 (293.61544170825249012,-9017.7570766078897577) (-2060.9029441731263432,2813.9030692272999659) 0 (-0.061522154294146709497,0.32021195782349759495) (-0.96038628879259713145,-0.17526552030535860749)
9.1078036964544164533 (46.043179521906722584,-8644.7147654206291918) (-1326.1560144308755298,2226.033702439449371) 0 (0.082363618326444357209,0.3141146428177947203) (-0.94590806729817300536,0.25722900373297791221)
9.2577174441612335443 (-113.94029708253077615,-8349.7775660350653197) (-843.19220933089980008,1725.0428172770148194) 0 (0.21100977942960222333,0.24509258856923457626) (-0.74018558791587663048,0.6487655917649984838)
9.408971292403300879 (-216.05125577746667886,-8120.9181832632593796) (-530.31628368125188899,1316.777200563624092) 0 (0.29695334219910918261,0.12478405191180488853) (-0.37495332913022877408,0.91435808900592552284)
9.5614020660602019319 (-280.47078377029072271,-7945.8446314130860628) (-330.17578851682230834,993.95982272840183214) 0 (0.31999099295984584357,-0.022992703545774848678) (0.079467422218117561572,0.9890363237283259501)
9.7148327463897281575 (-320.66194570014226883,-7813.3739315403954606) (-203.57146186104338881,744.07383326622903041) 0 (0.27272798122252200903,-0.16651487808672113533) (0.5261033392485316984,0.84591926267942729734)
9.8690888106537144608 (-345.46474340769145783,-7713.9782163541112823) (-124.28466986408700734,553.58614625543032162) 0 (0.16360928671274768686,-0.27301908803272478821) (0.86197175615586418829,0.50715423968464368176)
10.02401001563689853 (-360.60173898945390647,-7639.8769059466449107) (-75.089831796538504705,409.99360635632086769) 0 (0.016227874315217650364,-0.31663688319865684884) (1.0030544162366994421,0.043496895172032458421)
10.179457071006893898 (-369.7305930337843165,-7584.9010642702924088) (-44.837660245601341558,302.63460616448440987) 0 (-0.13536329389060042239,-0.28535812294244400356) (0.90725549158483842493,-0.4389458941796833269)
10.335313915718899125 (-375.16262693292327413,-7544.2628270248660556) (-26.40176283280625924,222.84561448588578969) 0 (-0.25449086962943767709,-0.18502036068120633616) (0.588747503779681991,-0.82273918506070631285)
10.491486920008819439 (-378.34336075738701766,-7514.3040797411968015) (-15.275211539458865673,163.80484295962190799) 0 (-0.31103316257931218347,-0.038955437049751295842) (0.11879030298124612641,-1.0085174050657577105)
10.647902355916261996 (-380.1681847285348681,-7492.2621273799159098) (-8.6336088705050002545,120.25490763274615347) 0 (-0.2895631738568799074,0.11699794514702578641) (-0.38862006257644821083,-0.94225427144369255927)
10.804503179513709199 (-381.18659025101112547,-7476.0683218114427291) (-4.7212166412283931294,88.204493082108712088) 0 (-0.19417155455689269483,0.24315400878710385912) (-0.80384045111059043709,-0.63270265488357346761)
10.961245792627810403 (-381.73260985823941382,-7464.1834340933537533) (-2.4547406630662766958,64.655522946957859176) 0 (-0.048391352314063322548,0.3062522729031326163) (-1.0151559416061346486,-0.15325200394610480337)
11.118097136240914224 (-382.00722455054562943,-7455.4674295867998808) (-1.1706531716027490653,47.372987283718074991) 0 (0.11013572714895815408,0.28865594797933236126) (-0.96012326770413725097,0.37376240420116957353)
11.275032252614394679 (-382.12994107980989611,-7449.0787631105440596) (-0.46561172128396577374,34.699708706271678693) 0 (0.23917758987184320474,0.19385571582658475687) (-0.64570580862382365162,0.80750092240298232404)
11.432032328097070817 (-382.17080689129653592,-7444.3977298842746677) (-0.096479864141159443758,25.411677233007516463) 0 (0.30327167963593826272,0.046470926543299907741) (-0.15051266744930449915,1.0265232264504082771)
11.58908316758926027 (-382.17013002900267793,-7440.9687795688023471) (0.081882398719995391767,18.607299719125784065) 0 (0.28386061271123524952,-0.11365208701242228428) (0.3930614040574283985,0.9639859319510315494)
11.746174029286983398 (-382.15053402891442147,-7438.4574491781313554) (0.15508886342029576388,13.623760163318825889) 0 (0.18522947629390121294,-0.24198505396172581561) (0.83336777290438568411,0.62974502234448259674)
11.903296746982981347 (-382.12426867964512667,-7436.618394007862662) (0.17287747917815848853,9.9744483602718716497) 0 (0.034239971268191407572,-0.30179420531348483125) (1.0420398532154782067,0.11180782681326351113)
12.060445075129266002 (-382.09760441838363931,-7435.2717537037187867) (0.16356315055491560395,7.3024583877429254386) 0 (-0.12648902288987137754,-0.27504540589517945115) (0.95264617911258642202,-0.44501040398016111777)
12.217614203083604352 (-382.07344618549825555,-7434.2857312246060246) (0.14281295415518335812,5.3461900185333632862) 0 (-0.25038854286189943243,-0.16841594253773500833) (0.5836055486012702298,-0.8787199491280539565)
12.37480039602123405 (-382.05286814860994582,-7433.5637780804509021) (0.11893498680102128351,3.9139860865290216907) 0 (-0.30054512156383289545,-0.012292571294518526287) (0.037177439000236539579,-1.0575878863394685414)
12.532000729810878425 (-382.03599982866035134,-7433.0351817548753388) (0.096038058705632520229,2.8654751051577500576) 0 (-0.26111644185483112723,0.14740314699411380395) (-0.52706335847975949171,-0.92150110031125753718)
12.689212895142862436 (-382.02252625225969496,-7432.648159230841884) (0.075898912344422017617,2.0978684788890564761) 0 (-0.14292903114582336532,0.26253063783398700171) (-0.93807064178057397719,-0.50400958913870119726)
12.84643505247484363 (-382.01196124288844658,-7432.3647930477000045) (0.059050318416014900558,1.5359078302338071698) 0 (0.018842846802719050853,0.29740172839551415329) (-1.065656911458969569,0.073326438076665625965)
13.00366572420171174 (-382.00378949562758635,-7432.1573202081463023) (0.045403433759355932287,1.1244958197151562196) 0 (0.1746901155269496575,0.24030800045130951137) (-0.86326939878688002672,0.6346057003632183946)
13.160903714087799798 (-381.99753438658092364,-7432.0054134624597282) (0.034594651839788562175,0.82329695827684301612) 0 (0.27578587644183250038,0.1080652283800962038) (-0.38682884690342672629,1.0026152972974387012)
13.225802612778926104 (-381.99541267779540021,-7431.9552771312419281) (0.030855395800537900597,0.72389405940716899934) 78 (0.29303792162848452119,0.04061136356676589565) (-0.14216561533980900944,1.0665389139934196017)
