0, 1.5, 0, 0, 0, 0.0001, 0
5.12e-05, 1.50014, 0, 0, 0, 8e-05, 0
9.83411e-05, 1.50025, 0, 0, 0, 6.4e-05, 0
0.000146559, 1.50034, 0, 0, 0, 5.12e-05, 1
0.000193968, 1.50041, 0, 0, 5.12e-05, 4.71411e-05, 1
0.000241733, 1.50048, 0, 0, 9.83411e-05, 4.82177e-05, 1
0.000289598, 1.50053, 0, 0, 0.000146559, 4.74097e-05, 1
0.000337914, 1.50057, 0, 0, 0.000193968, 4.77648e-05, 1
0.000386738, 1.50061, 0, 0, 0.000241733, 4.7865e-05, 1
0.000436248, 1.50064, 0, 0, 0.000289598, 4.83161e-05, 1
0.00048656, 1.50067, 0, 0, 0.000337914, 4.88238e-05, 1
0.000537819, 1.50069, 0, 0, 0.000386738, 4.95095e-05, 1
0.000590161, 1.50071, 0, 0, 0.000436248, 5.03124e-05, 1
0.000643731, 1.50073, 0, 0, 0.00048656, 5.12594e-05, 1
0.000698679, 1.50074, 0, 0, 0.000537819, 5.23416e-05, 1
0.000755165, 1.50075, 0, 0, 0.000590161, 5.35696e-05, 1
0.000813362, 1.50076, 0, 0, 0.000643731, 5.4948e-05, 1
0.000873451, 1.50077, 0, 0, 0.000698679, 5.64868e-05, 1
0.000935633, 1.50078, 0, 0, 0.000755165, 5.81964e-05, 1
0.00100012, 1.50078, 0, 0, 0.000813362, 6.00897e-05, 1
0.00106716, 1.50078, 0, 0, 0.000873451, 6.21815e-05, 1
0.001137, 1.50079, 0, 0, 0.000935633, 6.44897e-05, 1
0.00120994, 1.50079, 0, 0, 0.00100012, 6.70349e-05, 1
0.0012863, 1.50079, 0, 0, 0.00106716, 6.98417e-05, 1
0.00136645, 1.50079, 0, 0, 0.001137, 7.2939e-05, 1
0.0014508, 1.5008, 0, 0, 0.00120994, 7.63613e-05, 1
0.00153984, 1.5008, 0, 0, 0.0012863, 8.01499e-05, 1
0.0016341, 1.5008, 0, 0, 0.00136645, 8.43544e-05, 1
0.00173424, 1.5008, 0, 0, 0.0014508, 8.90351e-05, 1
0.00184099, 1.5008, 0, 0, 0.00153984, 9.42651e-05, 1
0.00195526, 1.5008, 0, 0, 0.0016341, 0.000100135, 1
0.00207811, 1.5008, 0, 0, 0.00173424, 0.000106756, 1
0.00221084, 1.5008, 0, 0, 0.00184099, 0.000114268, 1
0.00235503, 1.5008, 0, 0, 0.00195526, 0.000122849, 1
0.00251267, 1.5008, 0, 0, 0.00207811, 0.000132725, 1
0.00268627, 1.5008, 0, 0, 0.00221084, 0.000144192, 1
0.00287906, 1.5008, 0, 0, 0.00235503, 0.000157641, 1
0.00309528, 1.5008, 0, 0, 0.00251267, 0.000173603, 1
0.00334064, 1.5008, 0, 0, 0.00268627, 0.00019279, 1
0.00362306, 1.5008, 0, 0, 0.00287906, 0.000216221, 1
0.00395387, 1.5008, 0, 0, 0.00309528, 0.000245362, 1
0.00435007, 1.5008, 0, 0, 0.00334064, 0.000282415, 1
0.0048387, 1.5008, 0, 0, 0.00362306, 0.00033081, 1
0.00546726, 1.5008, 0, 0, 0.00395387, 0.0003962, 1
0.00634257, 1.5008, 0, 0, 0.00435007, 0.00048863, 1
0.00769788, 1.5008, 0, 0, 0.0048387, 0.000628565, 1
0.00916144, 1.5008, 0, 0, 0.00546726, 0.000875306, 1
0.0101663, 1.5008, 0, 0, 0.00634257, 0.00135531, 1
0.0110782, 1.50079, 0, 0, 0.00769788, 0.00146356, 1
0.0119304, 1.50079, 0, 0, 0.00916144, 0.00125602, 0
0.0127573, 1.50079, 0, 0, 0.00916144, 0.00100481, 1
0.0135911, 1.50079, 0, 0, 0.0101663, 0.000911908, 1
0.014452, 1.50079, 0, 0, 0.0110782, 0.000852274, 1
0.0153423, 1.50079, 0, 0, 0.0119304, 0.000826814, 1
0.0162499, 1.50079, 0, 0, 0.0127573, 0.000833833, 1
0.0171588, 1.50079, 0, 0, 0.0135911, 0.000860937, 1
0.0180575, 1.50079, 0, 0, 0.014452, 0.000890249, 1
0.0189429, 1.50079, 0, 0, 0.0153423, 0.000907623, 1
0.0198185, 1.50079, 0, 0, 0.0162499, 0.000908893, 1
0.0206908, 1.50079, 0, 0, 0.0171588, 0.00089874, 1
0.0215659, 1.50079, 0, 0, 0.0180575, 0.000885368, 1
0.0224465, 1.50079, 0, 0, 0.0189429, 0.00087557, 1
0.0233322, 1.50079, 0, 0, 0.0198185, 0.000872368, 1
0.0242205, 1.50079, 0, 0, 0.0206908, 0.00087505, 1
0.0251085, 1.50079, 0, 0, 0.0215659, 0.000880615, 1
0.0259943, 1.50079, 0, 0, 0.0224465, 0.000885725, 1
0.0268777, 1.50079, 0, 0, 0.0233322, 0.000888276, 1
0.0277595, 1.50079, 0, 0, 0.0242205, 0.000887961, 1
0.028641, 1.50079, 0, 0, 0.0251085, 0.000885833, 1
0.0295232, 1.50079, 0, 0, 0.0259943, 0.0008834, 1
0.0304064, 1.50079, 0, 0, 0.0268777, 0.000881815, 1
0.0312906, 1.50079, 0, 0, 0.0277595, 0.000881497, 1
0.032175, 1.50079, 0, 0, 0.028641, 0.000882182, 1
0.0330594, 1.50079, 0, 0, 0.0295232, 0.000883255, 1
0.0339433, 1.50079, 0, 0, 0.0304064, 0.000884125, 1
0.0348267, 1.50079, 0, 0, 0.0312906, 0.000884477, 1
0.0357099, 1.50079, 0, 0, 0.032175, 0.000884322, 1
0.0365931, 1.50078, 0, 0, 0.0330594, 0.00088389, 1
0.0374765, 1.50078, 0, 0, 0.0339433, 0.000883457, 1
0.03836, 1.50078, 0, 0, 0.0348267, 0.000883213, 1
0.0392438, 1.50078, 0, 0, 0.0357099, 0.000883203, 1
0.0401275, 1.50078, 0, 0, 0.0365931, 0.000883359, 1
0.0410112, 1.50078, 0, 0, 0.0374765, 0.000883559, 1
0.0418948, 1.50078, 0, 0, 0.03836, 0.000883704, 1
0.0427784, 1.50078, 0, 0, 0.0392438, 0.000883747, 1
0.0436619, 1.50078, 0, 0, 0.0401275, 0.000883703, 1
0.0445454, 1.50078, 0, 0, 0.0410112, 0.000883619, 1
0.0454289, 1.50078, 0, 0, 0.0418948, 0.000883544, 1
0.0463125, 1.50078, 0, 0, 0.0427784, 0.000883509, 1
0.0471961, 1.50078, 0, 0, 0.0436619, 0.000883516, 1
0.0480798, 1.50078, 0, 0, 0.0445454, 0.00088355, 1
0.0489634, 1.50078, 0, 0, 0.0454289, 0.000883587, 1
0.0498469, 1.50078, 0, 0, 0.0463125, 0.000883611, 1
0.0507305, 1.50078, 0, 0, 0.0471961, 0.000883615, 1
0.0516141, 1.50078, 0, 0, 0.0480798, 0.000883605, 1
0.0524977, 1.50078, 0, 0, 0.0489634, 0.00088359, 1
0.0533813, 1.50078, 0, 0, 0.0498469, 0.000883578, 1
0.0542649, 1.50078, 0, 0, 0.0507305, 0.000883574, 1
0.0551484, 1.50078, 0, 0, 0.0516141, 0.000883577, 1
0.056032, 1.50078, 0, 0, 0.0524977, 0.000883584, 1
0.0569156, 1.50078, 0, 0, 0.0533813, 0.000883591, 1
0.0577992, 1.50078, 0, 0, 0.0542649, 0.000883596, 1
0.0586828, 1.50078, 0, 0, 0.0551484, 0.000883596, 1
0.0595664, 1.50078, 0, 0, 0.056032, 0.000883595, 1
0.06045, 1.50078, 0, 0, 0.0569156, 0.000883592, 1
0.0613336, 1.50077, 0, 0, 0.0577992, 0.000883591, 1
0.0622172, 1.50077, 0, 0, 0.0586828, 0.000883591, 1
0.0631008, 1.50077, 0, 0, 0.0595664, 0.000883593, 1
0.0639844, 1.50077, 0, 0, 0.06045, 0.000883595, 1
0.064868, 1.50077, 0, 0, 0.0613336, 0.000883597, 1
0.0657516, 1.50077, 0, 0, 0.0622172, 0.000883598, 1
0.0666352, 1.50077, 0, 0, 0.0631008, 0.000883599, 1
0.0675188, 1.50077, 0, 0, 0.0639844, 0.000883599, 1
0.0684024, 1.50077, 0, 0, 0.064868, 0.000883599, 1
0.069286, 1.50077, 0, 0, 0.0657516, 0.000883599, 1
0.0701696, 1.50077, 0, 0, 0.0666352, 0.0008836, 1
0.0710532, 1.50077, 0, 0, 0.0675188, 0.000883601, 1
0.0719368, 1.50077, 0, 0, 0.0684024, 0.000883602, 1
0.0728204, 1.50077, 0, 0, 0.069286, 0.000883603, 1
0.073704, 1.50077, 0, 0, 0.0701696, 0.000883604, 1
0.0745876, 1.50077, 0, 0, 0.0710532, 0.000883604, 1
0.0754712, 1.50077, 0, 0, 0.0719368, 0.000883605, 1
0.0763548, 1.50077, 0, 0, 0.0728204, 0.000883606, 1
0.0772384, 1.50077, 0, 0, 0.073704, 0.000883607, 1
0.0781221, 1.50077, 0, 0, 0.0745876, 0.000883607, 1
0.0790057, 1.50077, 0, 0, 0.0754712, 0.000883608, 1
0.0798893, 1.50077, 0, 0, 0.0763548, 0.000883609, 1
0.0807729, 1.50077, 0, 0, 0.0772384, 0.00088361, 1
0.0816565, 1.50077, 0, 0, 0.0781221, 0.00088361, 1
0.0825401, 1.50077, 0, 0, 0.0790057, 0.000883611, 1
0.0834237, 1.50077, 0, 0, 0.0798893, 0.000883612, 1
0.0843073, 1.50077, 0, 0, 0.0807729, 0.000883613, 1
0.085191, 1.50077, 0, 0, 0.0816565, 0.000883613, 1
0.0860746, 1.50076, 0, 0, 0.0825401, 0.000883614, 1
0.0869582, 1.50076, 0, 0, 0.0834237, 0.000883615, 1
0.0878418, 1.50076, 0, 0, 0.0843073, 0.000883616, 1
0.0887254, 1.50076, 0, 0, 0.085191, 0.000883616, 1
0.089609, 1.50076, 0, 0, 0.0860746, 0.000883617, 1
0.0904927, 1.50076, 0, 0, 0.0869582, 0.000883618, 1
0.0913763, 1.50076, 0, 0, 0.0878418, 0.000883619, 1
0.0922599, 1.50076, 0, 0, 0.0887254, 0.000883619, 1
0.0931435, 1.50076, 0, 0, 0.089609, 0.00088362, 1
0.0940272, 1.50076, 0, 0, 0.0904927, 0.000883621, 1
0.0949108, 1.50076, 0, 0, 0.0913763, 0.000883622, 1
0.0957944, 1.50076, 0, 0, 0.0922599, 0.000883622, 1
0.096678, 1.50076, 0, 0, 0.0931435, 0.000883623, 1
0.0975617, 1.50076, 0, 0, 0.0940272, 0.000883624, 1
0.0984453, 1.50076, 0, 0, 0.0949108, 0.000883625, 1
0.0993289, 1.50076, 0, 0, 0.0957944, 0.000883625, 1
0.100213, 1.50076, 0, 0, 0.096678, 0.000883626, 1
0.101096, 1.50076, 0, 0, 0.0975617, 0.000883627, 1
0.10198, 1.50076, 0, 0, 0.0984453, 0.000883628, 1
0.102863, 1.50076, 0, 0, 0.0993289, 0.000883628, 1
0.103747, 1.50076, 0, 0, 0.100213, 0.000883629, 1
0.104631, 1.50076, 0, 0, 0.101096, 0.00088363, 1
0.105514, 1.50076, 0, 0, 0.10198, 0.000883631, 1
0.106398, 1.50076, 0, 0, 0.102863, 0.000883631, 1
0.107282, 1.50076, 0, 0, 0.103747, 0.000883632, 1
0.108165, 1.50076, 0, 0, 0.104631, 0.000883633, 1
0.109049, 1.50076, 0, 0, 0.105514, 0.000883634, 1
0.109932, 1.50076, 0, 0, 0.106398, 0.000883634, 1
0.110816, 1.50076, 0, 0, 0.107282, 0.000883635, 1
0.1117, 1.50075, 0, 0, 0.108165, 0.000883636, 1
0.112583, 1.50075, 0, 0, 0.109049, 0.000883637, 1
0.113467, 1.50075, 0, 0, 0.109932, 0.000883637, 1
0.114351, 1.50075, 0, 0, 0.110816, 0.000883638, 1
0.115234, 1.50075, 0, 0, 0.1117, 0.000883639, 1
0.116118, 1.50075, 0, 0, 0.112583, 0.00088364, 1
0.117002, 1.50075, 0, 0, 0.113467, 0.00088364, 1
0.117885, 1.50075, 0, 0, 0.114351, 0.000883641, 1
0.118769, 1.50075, 0, 0, 0.115234, 0.000883642, 1
0.119653, 1.50075, 0, 0, 0.116118, 0.000883643, 1
0.120536, 1.50075, 0, 0, 0.117002, 0.000883643, 1
0.12142, 1.50075, 0, 0, 0.117885, 0.000883644, 1
0.122303, 1.50075, 0, 0, 0.118769, 0.000883645, 1
0.123187, 1.50075, 0, 0, 0.119653, 0.000883646, 1
0.124071, 1.50075, 0, 0, 0.120536, 0.000883646, 1
0.124954, 1.50075, 0, 0, 0.12142, 0.000883647, 1
0.125838, 1.50075, 0, 0, 0.122303, 0.000883648, 1
0.126722, 1.50075, 0, 0, 0.123187, 0.000883648, 1
0.127605, 1.50075, 0, 0, 0.124071, 0.000883649, 1
0.128489, 1.50075, 0, 0, 0.124954, 0.00088365, 1
0.129373, 1.50075, 0, 0, 0.125838, 0.000883651, 1
0.130256, 1.50075, 0, 0, 0.126722, 0.000883651, 1
0.13114, 1.50075, 0, 0, 0.127605, 0.000883652, 1
0.132024, 1.50075, 0, 0, 0.128489, 0.000883653, 1
0.132907, 1.50075, 0, 0, 0.129373, 0.000883654, 1
0.133791, 1.50075, 0, 0, 0.130256, 0.000883654, 1
0.134675, 1.50075, 0, 0, 0.13114, 0.000883655, 1
0.135558, 1.50075, 0, 0, 0.132024, 0.000883656, 1
0.136442, 1.50074, 0, 0, 0.132907, 0.000883657, 1
0.137326, 1.50074, 0, 0, 0.133791, 0.000883657, 1
0.138209, 1.50074, 0, 0, 0.134675, 0.000883658, 1
0.139093, 1.50074, 0, 0, 0.135558, 0.000883659, 1
0.139977, 1.50074, 0, 0, 0.136442, 0.00088366, 1
0.14086, 1.50074, 0, 0, 0.137326, 0.00088366, 1
0.141744, 1.50074, 0, 0, 0.138209, 0.000883661, 1
0.142628, 1.50074, 0, 0, 0.139093, 0.000883662, 1
0.143511, 1.50074, 0, 0, 0.139977, 0.000883663, 1
0.144395, 1.50074, 0, 0, 0.14086, 0.000883663, 1
0.145279, 1.50074, 0, 0, 0.141744, 0.000883664, 1
0.146162, 1.50074, 0, 0, 0.142628, 0.000883665, 1
0.147046, 1.50074, 0, 0, 0.143511, 0.000883666, 1
0.14793, 1.50074, 0, 0, 0.144395, 0.000883666, 1
0.148813, 1.50074, 0, 0, 0.145279, 0.000883667, 1
0.149697, 1.50074, 0, 0, 0.146162, 0.000883668, 1
0.150581, 1.50074, 0, 0, 0.147046, 0.000883669, 1
0.151464, 1.50074, 0, 0, 0.14793, 0.000883669, 1
0.152348, 1.50074, 0, 0, 0.148813, 0.00088367, 1
0.153232, 1.50074, 0, 0, 0.149697, 0.000883671, 1
0.154115, 1.50074, 0, 0, 0.150581, 0.000883672, 1
0.154999, 1.50074, 0, 0, 0.151464, 0.000883672, 1
0.155883, 1.50074, 0, 0, 0.152348, 0.000883673, 1
0.156766, 1.50074, 0, 0, 0.153232, 0.000883674, 1
0.15765, 1.50074, 0, 0, 0.154115, 0.000883675, 1
0.158534, 1.50074, 0, 0, 0.154999, 0.000883675, 1
0.159417, 1.50074, 0, 0, 0.155883, 0.000883676, 1
0.160301, 1.50074, 0, 0, 0.156766, 0.000883677, 1
0.161185, 1.50073, 0, 0, 0.15765, 0.000883678, 1
0.162068, 1.50073, 0, 0, 0.158534, 0.000883678, 1
0.162952, 1.50073, 0, 0, 0.159417, 0.000883679, 1
0.163836, 1.50073, 0, 0, 0.160301, 0.00088368, 1
0.164719, 1.50073, 0, 0, 0.161185, 0.000883681, 1
0.165603, 1.50073, 0, 0, 0.162068, 0.000883681, 1
0.166487, 1.50073, 0, 0, 0.162952, 0.000883682, 1
0.16737, 1.50073, 0, 0, 0.163836, 0.000883683, 1
0.168254, 1.50073, 0, 0, 0.164719, 0.000883684, 1
0.169138, 1.50073, 0, 0, 0.165603, 0.000883684, 1
0.170022, 1.50073, 0, 0, 0.166487, 0.000883685, 1
0.170905, 1.50073, 0, 0, 0.16737, 0.000883686, 1
0.171789, 1.50073, 0, 0, 0.168254, 0.000883687, 1
0.172673, 1.50073, 0, 0, 0.169138, 0.000883687, 1
0.173556, 1.50073, 0, 0, 0.170022, 0.000883688, 1
0.17444, 1.50073, 0, 0, 0.170905, 0.000883689, 1
0.175324, 1.50073, 0, 0, 0.171789, 0.00088369, 1
0.176207, 1.50073, 0, 0, 0.172673, 0.00088369, 1
0.177091, 1.50073, 0, 0, 0.173556, 0.000883691, 1
0.177975, 1.50073, 0, 0, 0.17444, 0.000883692, 1
0.178858, 1.50073, 0, 0, 0.175324, 0.000883693, 1
0.179742, 1.50073, 0, 0, 0.176207, 0.000883693, 1
0.180626, 1.50073, 0, 0, 0.177091, 0.000883694, 1
0.18151, 1.50073, 0, 0, 0.177975, 0.000883695, 1
0.182393, 1.50073, 0, 0, 0.178858, 0.000883696, 1
0.183277, 1.50073, 0, 0, 0.179742, 0.000883696, 1
0.184161, 1.50073, 0, 0, 0.180626, 0.000883697, 1
0.185044, 1.50073, 0, 0, 0.18151, 0.000883698, 1
0.185928, 1.50073, 0, 0, 0.182393, 0.000883699, 1
0.186812, 1.50072, 0, 0, 0.183277, 0.000883699, 1
0.187695, 1.50072, 0, 0, 0.184161, 0.0008837, 1
0.188579, 1.50072, 0, 0, 0.185044, 0.000883701, 1
0.189463, 1.50072, 0, 0, 0.185928, 0.000883702, 1
0.190347, 1.50072, 0, 0, 0.186812, 0.000883702, 1
0.19123, 1.50072, 0, 0, 0.187695, 0.000883703, 1
0.192114, 1.50072, 0, 0, 0.188579, 0.000883704, 1
0.192998, 1.50072, 0, 0, 0.189463, 0.000883705, 1
0.193881, 1.50072, 0, 0, 0.190347, 0.000883705, 1
0.194765, 1.50072, 0, 0, 0.19123, 0.000883706, 1
0.195649, 1.50072, 0, 0, 0.192114, 0.000883707, 1
0.196533, 1.50072, 0, 0, 0.192998, 0.000883707, 1
0.197416, 1.50072, 0, 0, 0.193881, 0.000883708, 1
0.1983, 1.50072, 0, 0, 0.194765, 0.000883709, 1
0.199184, 1.50072, 0, 0, 0.195649, 0.00088371, 1
0.200067, 1.50072, 0, 0, 0.196533, 0.00088371, 1
0.200951, 1.50072, 0, 0, 0.197416, 0.000883711, 1
0.201835, 1.50072, 0, 0, 0.1983, 0.000883712, 1
0.202718, 1.50072, 0, 0, 0.199184, 0.000883713, 1
0.203602, 1.50072, 0, 0, 0.200067, 0.000883713, 1
0.204486, 1.50072, 0, 0, 0.200951, 0.000883714, 1
0.20537, 1.50072, 0, 0, 0.201835, 0.000883715, 1
0.206253, 1.50072, 0, 0, 0.202718, 0.000883716, 1
0.207137, 1.50072, 0, 0, 0.203602, 0.000883716, 1
0.208021, 1.50072, 0, 0, 0.204486, 0.000883717, 1
0.208905, 1.50072, 0, 0, 0.20537, 0.000883718, 1
0.209788, 1.50072, 0, 0, 0.206253, 0.000883719, 1
0.210672, 1.50072, 0, 0, 0.207137, 0.000883719, 1
0.211556, 1.50071, 0, 0, 0.208021, 0.00088372, 1
0.212439, 1.50071, 0, 0, 0.208905, 0.000883721, 1
0.213323, 1.50071, 0, 0, 0.209788, 0.000883722, 1
0.214207, 1.50071, 0, 0, 0.210672, 0.000883722, 1
0.215091, 1.50071, 0, 0, 0.211556, 0.000883723, 1
0.215974, 1.50071, 0, 0, 0.212439, 0.000883724, 1
0.216858, 1.50071, 0, 0, 0.213323, 0.000883725, 1
0.217742, 1.50071, 0, 0, 0.214207, 0.000883725, 1
0.218625, 1.50071, 0, 0, 0.215091, 0.000883726, 1
0.219509, 1.50071, 0, 0, 0.215974, 0.000883727, 1
0.220393, 1.50071, 0, 0, 0.216858, 0.000883728, 1
0.221277, 1.50071, 0, 0, 0.217742, 0.000883728, 1
0.22216, 1.50071, 0, 0, 0.218625, 0.000883729, 1
0.223044, 1.50071, 0, 0, 0.219509, 0.00088373, 1
0.223928, 1.50071, 0, 0, 0.220393, 0.000883731, 1
0.224812, 1.50071, 0, 0, 0.221277, 0.000883731, 1
0.225695, 1.50071, 0, 0, 0.22216, 0.000883732, 1
0.226579, 1.50071, 0, 0, 0.223044, 0.000883733, 1
0.227463, 1.50071, 0, 0, 0.223928, 0.000883734, 1
0.228347, 1.50071, 0, 0, 0.224812, 0.000883734, 1
0.22923, 1.50071, 0, 0, 0.225695, 0.000883735, 1
0.230114, 1.50071, 0, 0, 0.226579, 0.000883736, 1
0.230998, 1.50071, 0, 0, 0.227463, 0.000883737, 1
0.231882, 1.50071, 0, 0, 0.228347, 0.000883737, 1
0.232765, 1.50071, 0, 0, 0.22923, 0.000883738, 1
0.233649, 1.50071, 0, 0, 0.230114, 0.000883739, 1
0.234533, 1.50071, 0, 0, 0.230998, 0.00088374, 1
0.235416, 1.50071, 0, 0, 0.231882, 0.00088374, 1
0.2363, 1.5007, 0, 0, 0.232765, 0.000883741, 1
0.237184, 1.5007, 0, 0, 0.233649, 0.000883742, 1
0.238068, 1.5007, 0, 0, 0.234533, 0.000883743, 1
0.238951, 1.5007, 0, 0, 0.235416, 0.000883743, 1
0.239835, 1.5007, 0, 0, 0.2363, 0.000883744, 1
0.240719, 1.5007, 0, 0, 0.237184, 0.000883745, 1
0.241603, 1.5007, 0, 0, 0.238068, 0.000883746, 1
0.242486, 1.5007, 0, 0, 0.238951, 0.000883746, 1
0.24337, 1.5007, 0, 0, 0.239835, 0.000883747, 1
0.244254, 1.5007, 0, 0, 0.240719, 0.000883748, 1
0.245138, 1.5007, 0, 0, 0.241603, 0.000883749, 1
0.246021, 1.5007, 0, 0, 0.242486, 0.000883749, 1
0.246905, 1.5007, 0, 0, 0.24337, 0.00088375, 1
0.247789, 1.5007, 0, 0, 0.244254, 0.000883751, 1
0.248673, 1.5007, 0, 0, 0.245138, 0.000883752, 1
0.249556, 1.5007, 0, 0, 0.246021, 0.000883752, 1
0.25044, 1.5007, 0, 0, 0.246905, 0.000883753, 1
0.251324, 1.5007, 0, 0, 0.247789, 0.000883754, 1
0.252208, 1.5007, 0, 0, 0.248673, 0.000883755, 1
0.253091, 1.5007, 0, 0, 0.249556, 0.000883755, 1
0.253975, 1.5007, 0, 0, 0.25044, 0.000883756, 1
0.254859, 1.5007, 0, 0, 0.251324, 0.000883757, 1
0.255743, 1.5007, 0, 0, 0.252208, 0.000883758, 1
0.256627, 1.5007, 0, 0, 0.253091, 0.000883758, 1
0.25751, 1.5007, 0, 0, 0.253975, 0.000883759, 1
0.258394, 1.5007, 0, 0, 0.254859, 0.00088376, 1
0.259278, 1.5007, 0, 0, 0.255743, 0.000883761, 1
0.260162, 1.5007, 0, 0, 0.256627, 0.000883761, 1
0.261045, 1.5007, 0, 0, 0.25751, 0.000883762, 1
0.261929, 1.50069, 0, 0, 0.258394, 0.000883763, 1
0.262813, 1.50069, 0, 0, 0.259278, 0.000883764, 1
0.263697, 1.50069, 0, 0, 0.260162, 0.000883764, 1
0.26458, 1.50069, 0, 0, 0.261045, 0.000883765, 1
0.265464, 1.50069, 0, 0, 0.261929, 0.000883766, 1
0.266348, 1.50069, 0, 0, 0.262813, 0.000883767, 1
0.267232, 1.50069, 0, 0, 0.263697, 0.000883767, 1
0.268115, 1.50069, 0, 0, 0.26458, 0.000883768, 1
0.268999, 1.50069, 0, 0, 0.265464, 0.000883769, 1
0.269883, 1.50069, 0, 0, 0.266348, 0.00088377, 1
0.270767, 1.50069, 0, 0, 0.267232, 0.00088377, 1
0.271651, 1.50069, 0, 0, 0.268115, 0.000883771, 1
0.272534, 1.50069, 0, 0, 0.268999, 0.000883772, 1
0.273418, 1.50069, 0, 0, 0.269883, 0.000883773, 1
0.274302, 1.50069, 0, 0, 0.270767, 0.000883773, 1
0.275186, 1.50069, 0, 0, 0.271651, 0.000883774, 1
0.276069, 1.50069, 0, 0, 0.272534, 0.000883775, 1
0.276953, 1.50069, 0, 0, 0.273418, 0.000883776, 1
0.277837, 1.50069, 0, 0, 0.274302, 0.000883776, 1
0.278721, 1.50069, 0, 0, 0.275186, 0.000883777, 1
0.279605, 1.50069, 0, 0, 0.276069, 0.000883778, 1
0.280488, 1.50069, 0, 0, 0.276953, 0.000883779, 1
0.281372, 1.50069, 0, 0, 0.277837, 0.000883779, 1
0.282256, 1.50069, 0, 0, 0.278721, 0.00088378, 1
0.28314, 1.50069, 0, 0, 0.279605, 0.000883781, 1
0.284023, 1.50069, 0, 0, 0.280488, 0.000883782, 1
0.284907, 1.50069, 0, 0, 0.281372, 0.000883782, 1
0.285791, 1.50069, 0, 0, 0.282256, 0.000883783, 1
0.286675, 1.50068, 0, 0, 0.28314, 0.000883784, 1
0.287559, 1.50068, 0, 0, 0.284023, 0.000883785, 1
0.288442, 1.50068, 0, 0, 0.284907, 0.000883785, 1
0.289326, 1.50068, 0, 0, 0.285791, 0.000883786, 1
0.29021, 1.50068, 0, 0, 0.286675, 0.000883787, 1
0.291094, 1.50068, 0, 0, 0.287559, 0.000883788, 1
0.291978, 1.50068, 0, 0, 0.288442, 0.000883788, 1
0.292861, 1.50068, 0, 0, 0.289326, 0.000883789, 1
0.293745, 1.50068, 0, 0, 0.29021, 0.00088379, 1
0.294629, 1.50068, 0, 0, 0.291094, 0.000883791, 1
0.295513, 1.50068, 0, 0, 0.291978, 0.000883791, 1
0.296397, 1.50068, 0, 0, 0.292861, 0.000883792, 1
0.29728, 1.50068, 0, 0, 0.293745, 0.000883793, 1
0.298164, 1.50068, 0, 0, 0.294629, 0.000883794, 1
0.299048, 1.50068, 0, 0, 0.295513, 0.000883794, 1
0.299932, 1.50068, 0, 0, 0.296397, 0.000883795, 1
0.300816, 1.50068, 0, 0, 0.29728, 0.000883796, 1
0.301699, 1.50068, 0, 0, 0.298164, 0.000883797, 1
0.302583, 1.50068, 0, 0, 0.299048, 0.000883797, 1
0.303467, 1.50068, 0, 0, 0.299932, 0.000883798, 1
0.304351, 1.50068, 0, 0, 0.300816, 0.000883799, 1
0.305235, 1.50068, 0, 0, 0.301699, 0.0008838, 1
0.306118, 1.50068, 0, 0, 0.302583, 0.0008838, 1
0.307002, 1.50068, 0, 0, 0.303467, 0.000883801, 1
0.307886, 1.50068, 0, 0, 0.304351, 0.000883802, 1
0.30877, 1.50068, 0, 0, 0.305235, 0.000883803, 1
0.309654, 1.50068, 0, 0, 0.306118, 0.000883803, 1
0.310537, 1.50068, 0, 0, 0.307002, 0.000883804, 1
0.311421, 1.50067, 0, 0, 0.307886, 0.000883805, 1
0.312305, 1.50067, 0, 0, 0.30877, 0.000883806, 1
0.313189, 1.50067, 0, 0, 0.309654, 0.000883806, 1
0.314073, 1.50067, 0, 0, 0.310537, 0.000883807, 1
0.314956, 1.50067, 0, 0, 0.311421, 0.000883808, 1
0.31584, 1.50067, 0, 0, 0.312305, 0.000883809, 1
0.316724, 1.50067, 0, 0, 0.313189, 0.000883809, 1
0.317608, 1.50067, 0, 0, 0.314073, 0.00088381, 1
0.318492, 1.50067, 0, 0, 0.314956, 0.000883811, 1
0.319375, 1.50067, 0, 0, 0.31584, 0.000883812, 1
0.320259, 1.50067, 0, 0, 0.316724, 0.000883812, 1
0.321143, 1.50067, 0, 0, 0.317608, 0.000883813, 1
0.322027, 1.50067, 0, 0, 0.318492, 0.000883814, 1
0.322911, 1.50067, 0, 0, 0.319375, 0.000883815, 1
0.323795, 1.50067, 0, 0, 0.320259, 0.000883815, 1
0.324678, 1.50067, 0, 0, 0.321143, 0.000883816, 1
0.325562, 1.50067, 0, 0, 0.322027, 0.000883817, 1
0.326446, 1.50067, 0, 0, 0.322911, 0.000883818, 1
0.32733, 1.50067, 0, 0, 0.323795, 0.000883818, 1
0.328214, 1.50067, 0, 0, 0.324678, 0.000883819, 1
0.329097, 1.50067, 0, 0, 0.325562, 0.00088382, 1
0.329981, 1.50067, 0, 0, 0.326446, 0.000883821, 1
0.330865, 1.50067, 0, 0, 0.32733, 0.000883821, 1
0.331749, 1.50067, 0, 0, 0.328214, 0.000883822, 1
0.332633, 1.50067, 0, 0, 0.329097, 0.000883823, 1
0.333517, 1.50067, 0, 0, 0.329981, 0.000883824, 1
0.3344, 1.50067, 0, 0, 0.330865, 0.000883824, 1
0.335284, 1.50067, 0, 0, 0.331749, 0.000883825, 1
0.336168, 1.50067, 0, 0, 0.332633, 0.000883826, 1
0.337052, 1.50066, 0, 0, 0.333517, 0.000883827, 1
0.337936, 1.50066, 0, 0, 0.3344, 0.000883827, 1
0.33882, 1.50066, 0, 0, 0.335284, 0.000883828, 1
0.339703, 1.50066, 0, 0, 0.336168, 0.000883829, 1
0.340587, 1.50066, 0, 0, 0.337052, 0.000883829, 1
0.341471, 1.50066, 0, 0, 0.337936, 0.00088383, 1
0.342355, 1.50066, 0, 0, 0.33882, 0.000883831, 1
0.343239, 1.50066, 0, 0, 0.339703, 0.000883832, 1
0.344123, 1.50066, 0, 0, 0.340587, 0.000883832, 1
0.345006, 1.50066, 0, 0, 0.341471, 0.000883833, 1
0.34589, 1.50066, 0, 0, 0.342355, 0.000883834, 1
0.346774, 1.50066, 0, 0, 0.343239, 0.000883835, 1
0.347658, 1.50066, 0, 0, 0.344123, 0.000883835, 1
0.348542, 1.50066, 0, 0, 0.345006, 0.000883836, 1
0.349426, 1.50066, 0, 0, 0.34589, 0.000883837, 1
0.350309, 1.50066, 0, 0, 0.346774, 0.000883838, 1
0.351193, 1.50066, 0, 0, 0.347658, 0.000883838, 1
0.352077, 1.50066, 0, 0, 0.348542, 0.000883839, 1
0.352961, 1.50066, 0, 0, 0.349426, 0.00088384, 1
0.353845, 1.50066, 0, 0, 0.350309, 0.000883841, 1
0.354729, 1.50066, 0, 0, 0.351193, 0.000883841, 1
0.355612, 1.50066, 0, 0, 0.352077, 0.000883842, 1
0.356496, 1.50066, 0, 0, 0.352961, 0.000883843, 1
0.35738, 1.50066, 0, 0, 0.353845, 0.000883844, 1
0.358264, 1.50066, 0, 0, 0.354729, 0.000883844, 1
0.359148, 1.50066, 0, 0, 0.355612, 0.000883845, 1
0.360032, 1.50066, 0, 0, 0.356496, 0.000883846, 1
0.360916, 1.50066, 0, 0, 0.35738, 0.000883847, 1
0.361799, 1.50065, 0, 0, 0.358264, 0.000883847, 1
0.362683, 1.50065, 0, 0, 0.359148, 0.000883848, 1
0.363567, 1.50065, 0, 0, 0.360032, 0.000883849, 1
0.364451, 1.50065, 0, 0, 0.360916, 0.00088385, 1
0.365335, 1.50065, 0, 0, 0.361799, 0.00088385, 1
0.366219, 1.50065, 0, 0, 0.362683, 0.000883851, 1
0.367102, 1.50065, 0, 0, 0.363567, 0.000883852, 1
0.367986, 1.50065, 0, 0, 0.364451, 0.000883853, 1
0.36887, 1.50065, 0, 0, 0.365335, 0.000883853, 1
0.369754, 1.50065, 0, 0, 0.366219, 0.000883854, 1
0.370638, 1.50065, 0, 0, 0.367102, 0.000883855, 1
0.371522, 1.50065, 0, 0, 0.367986, 0.000883856, 1
0.372406, 1.50065, 0, 0, 0.36887, 0.000883856, 1
0.373289, 1.50065, 0, 0, 0.369754, 0.000883857, 1
0.374173, 1.50065, 0, 0, 0.370638, 0.000883858, 1
0.375057, 1.50065, 0, 0, 0.371522, 0.000883859, 1
0.375941, 1.50065, 0, 0, 0.372406, 0.000883859, 1
0.376825, 1.50065, 0, 0, 0.373289, 0.00088386, 1
0.377709, 1.50065, 0, 0, 0.374173, 0.000883861, 1
0.378593, 1.50065, 0, 0, 0.375057, 0.000883862, 1
0.379477, 1.50065, 0, 0, 0.375941, 0.000883862, 1
0.38036, 1.50065, 0, 0, 0.376825, 0.000883863, 1
0.381244, 1.50065, 0, 0, 0.377709, 0.000883864, 1
0.382128, 1.50065, 0, 0, 0.378593, 0.000883865, 1
0.383012, 1.50065, 0, 0, 0.379477, 0.000883865, 1
0.383896, 1.50065, 0, 0, 0.38036, 0.000883866, 1
0.38478, 1.50065, 0, 0, 0.381244, 0.000883867, 1
0.385664, 1.50065, 0, 0, 0.382128, 0.000883868, 1
0.386547, 1.50064, 0, 0, 0.383012, 0.000883868, 1
0.387431, 1.50064, 0, 0, 0.383896, 0.000883869, 1
0.388315, 1.50064, 0, 0, 0.38478, 0.00088387, 1
0.389199, 1.50064, 0, 0, 0.385664, 0.000883871, 1
0.390083, 1.50064, 0, 0, 0.386547, 0.000883871, 1
0.390967, 1.50064, 0, 0, 0.387431, 0.000883872, 1
0.391851, 1.50064, 0, 0, 0.388315, 0.000883873, 1
0.392735, 1.50064, 0, 0, 0.389199, 0.000883874, 1
0.393618, 1.50064, 0, 0, 0.390083, 0.000883874, 1
0.394502, 1.50064, 0, 0, 0.390967, 0.000883875, 1
0.395386, 1.50064, 0, 0, 0.391851, 0.000883876, 1
0.39627, 1.50064, 0, 0, 0.392735, 0.000883877, 1
0.397154, 1.50064, 0, 0, 0.393618, 0.000883877, 1
0.398038, 1.50064, 0, 0, 0.394502, 0.000883878, 1
0.398922, 1.50064, 0, 0, 0.395386, 0.000883879, 1
0.399806, 1.50064, 0, 0, 0.39627, 0.00088388, 1
0.40069, 1.50064, 0, 0, 0.397154, 0.00088388, 1
0.401573, 1.50064, 0, 0, 0.398038, 0.000883881, 1
0.402457, 1.50064, 0, 0, 0.398922, 0.000883882, 1
0.403341, 1.50064, 0, 0, 0.399806, 0.000883883, 1
0.404225, 1.50064, 0, 0, 0.40069, 0.000883883, 1
0.405109, 1.50064, 0, 0, 0.401573, 0.000883884, 1
0.405993, 1.50064, 0, 0, 0.402457, 0.000883885, 1
0.406877, 1.50064, 0, 0, 0.403341, 0.000883886, 1
0.407761, 1.50064, 0, 0, 0.404225, 0.000883886, 1
0.408644, 1.50064, 0, 0, 0.405109, 0.000883887, 1
0.409528, 1.50064, 0, 0, 0.405993, 0.000883888, 1
0.410412, 1.50064, 0, 0, 0.406877, 0.000883889, 1
0.411296, 1.50064, 0, 0, 0.407761, 0.000883889, 1
0.41218, 1.50063, 0, 0, 0.408644, 0.00088389, 1
0.413064, 1.50063, 0, 0, 0.409528, 0.000883891, 1
0.413948, 1.50063, 0, 0, 0.410412, 0.000883892, 1
0.414832, 1.50063, 0, 0, 0.411296, 0.000883892, 1
0.415716, 1.50063, 0, 0, 0.41218, 0.000883893, 1
0.4166, 1.50063, 0, 0, 0.413064, 0.000883894, 1
0.417483, 1.50063, 0, 0, 0.413948, 0.000883895, 1
0.418367, 1.50063, 0, 0, 0.414832, 0.000883895, 1
0.419251, 1.50063, 0, 0, 0.415716, 0.000883896, 1
0.420135, 1.50063, 0, 0, 0.4166, 0.000883897, 1
0.421019, 1.50063, 0, 0, 0.417483, 0.000883898, 1
0.421903, 1.50063, 0, 0, 0.418367, 0.000883898, 1
0.422787, 1.50063, 0, 0, 0.419251, 0.000883899, 1
0.423671, 1.50063, 0, 0, 0.420135, 0.0008839, 1
0.424555, 1.50063, 0, 0, 0.421019, 0.000883901, 1
0.425439, 1.50063, 0, 0, 0.421903, 0.000883901, 1
0.426322, 1.50063, 0, 0, 0.422787, 0.000883902, 1
0.427206, 1.50063, 0, 0, 0.423671, 0.000883903, 1
0.42809, 1.50063, 0, 0, 0.424555, 0.000883904, 1
0.428974, 1.50063, 0, 0, 0.425439, 0.000883904, 1
0.429858, 1.50063, 0, 0, 0.426322, 0.000883905, 1
0.430742, 1.50063, 0, 0, 0.427206, 0.000883906, 1
0.431626, 1.50063, 0, 0, 0.42809, 0.000883906, 1
0.43251, 1.50063, 0, 0, 0.428974, 0.000883907, 1
0.433394, 1.50063, 0, 0, 0.429858, 0.000883908, 1
0.434278, 1.50063, 0, 0, 0.430742, 0.000883909, 1
0.435162, 1.50063, 0, 0, 0.431626, 0.000883909, 1
0.436045, 1.50063, 0, 0, 0.43251, 0.00088391, 1
0.436929, 1.50062, 0, 0, 0.433394, 0.000883911, 1
0.437813, 1.50062, 0, 0, 0.434278, 0.000883912, 1
0.438697, 1.50062, 0, 0, 0.435162, 0.000883912, 1
0.439581, 1.50062, 0, 0, 0.436045, 0.000883913, 1
0.440465, 1.50062, 0, 0, 0.436929, 0.000883914, 1
0.441349, 1.50062, 0, 0, 0.437813, 0.000883915, 1
0.442233, 1.50062, 0, 0, 0.438697, 0.000883915, 1
0.443117, 1.50062, 0, 0, 0.439581, 0.000883916, 1
0.444001, 1.50062, 0, 0, 0.440465, 0.000883917, 1
0.444885, 1.50062, 0, 0, 0.441349, 0.000883918, 1
0.445769, 1.50062, 0, 0, 0.442233, 0.000883918, 1
0.446652, 1.50062, 0, 0, 0.443117, 0.000883919, 1
0.447536, 1.50062, 0, 0, 0.444001, 0.00088392, 1
0.44842, 1.50062, 0, 0, 0.444885, 0.000883921, 1
0.449304, 1.50062, 0, 0, 0.445769, 0.000883921, 1
0.450188, 1.50062, 0, 0, 0.446652, 0.000883922, 1
0.451072, 1.50062, 0, 0, 0.447536, 0.000883923, 1
0.451956, 1.50062, 0, 0, 0.44842, 0.000883924, 1
0.45284, 1.50062, 0, 0, 0.449304, 0.000883924, 1
0.453724, 1.50062, 0, 0, 0.450188, 0.000883925, 1
0.454608, 1.50062, 0, 0, 0.451072, 0.000883926, 1
0.455492, 1.50062, 0, 0, 0.451956, 0.000883927, 1
0.456376, 1.50062, 0, 0, 0.45284, 0.000883927, 1
0.45726, 1.50062, 0, 0, 0.453724, 0.000883928, 1
0.458143, 1.50062, 0, 0, 0.454608, 0.000883929, 1
0.459027, 1.50062, 0, 0, 0.455492, 0.00088393, 1
0.459911, 1.50062, 0, 0, 0.456376, 0.00088393, 1
0.460795, 1.50062, 0, 0, 0.45726, 0.000883931, 1
0.461679, 1.50061, 0, 0, 0.458143, 0.000883932, 1
0.462563, 1.50061, 0, 0, 0.459027, 0.000883933, 1
0.463447, 1.50061, 0, 0, 0.459911, 0.000883933, 1
0.464331, 1.50061, 0, 0, 0.460795, 0.000883934, 1
0.465215, 1.50061, 0, 0, 0.461679, 0.000883935, 1
0.466099, 1.50061, 0, 0, 0.462563, 0.000883936, 1
0.466983, 1.50061, 0, 0, 0.463447, 0.000883936, 1
0.467867, 1.50061, 0, 0, 0.464331, 0.000883937, 1
0.468751, 1.50061, 0, 0, 0.465215, 0.000883938, 1
0.469635, 1.50061, 0, 0, 0.466099, 0.000883939, 1
0.470519, 1.50061, 0, 0, 0.466983, 0.000883939, 1
0.471403, 1.50061, 0, 0, 0.467867, 0.00088394, 1
0.472286, 1.50061, 0, 0, 0.468751, 0.000883941, 1
0.47317, 1.50061, 0, 0, 0.469635, 0.000883942, 1
0.474054, 1.50061, 0, 0, 0.470519, 0.000883942, 1
0.474938, 1.50061, 0, 0, 0.471403, 0.000883943, 1
0.475822, 1.50061, 0, 0, 0.472286, 0.000883944, 1
0.476706, 1.50061, 0, 0, 0.47317, 0.000883945, 1
0.47759, 1.50061, 0, 0, 0.474054, 0.000883945, 1
0.478474, 1.50061, 0, 0, 0.474938, 0.000883946, 1
0.479358, 1.50061, 0, 0, 0.475822, 0.000883947, 1
0.480242, 1.50061, 0, 0, 0.476706, 0.000883948, 1
0.481126, 1.50061, 0, 0, 0.47759, 0.000883948, 1
0.48201, 1.50061, 0, 0, 0.478474, 0.000883949, 1
0.482894, 1.50061, 0, 0, 0.479358, 0.00088395, 1
0.483778, 1.50061, 0, 0, 0.480242, 0.000883951, 1
0.484662, 1.50061, 0, 0, 0.481126, 0.000883951, 1
0.485546, 1.50061, 0, 0, 0.48201, 0.000883952, 1
0.48643, 1.50061, 0, 0, 0.482894, 0.000883953, 1
0.487314, 1.5006, 0, 0, 0.483778, 0.000883954, 1
0.488198, 1.5006, 0, 0, 0.484662, 0.000883954, 1
0.489082, 1.5006, 0, 0, 0.485546, 0.000883955, 1
0.489966, 1.5006, 0, 0, 0.48643, 0.000883956, 1
0.490849, 1.5006, 0, 0, 0.487314, 0.000883957, 1
0.491733, 1.5006, 0, 0, 0.488198, 0.000883957, 1
0.492617, 1.5006, 0, 0, 0.489082, 0.000883958, 1
0.493501, 1.5006, 0, 0, 0.489966, 0.000883959, 1
0.494385, 1.5006, 0, 0, 0.490849, 0.00088396, 1
0.495269, 1.5006, 0, 0, 0.491733, 0.00088396, 1
0.496153, 1.5006, 0, 0, 0.492617, 0.000883961, 1
0.497037, 1.5006, 0, 0, 0.493501, 0.000883962, 1
0.497921, 1.5006, 0, 0, 0.494385, 0.000883963, 1
0.498805, 1.5006, 0, 0, 0.495269, 0.000883963, 1
0.499689, 1.5006, 0, 0, 0.496153, 0.000883964, 1
0.5, 1.5006, 0, 0, 0.497037, 0.000883965, 1
