5.39341 -821104
5.39846 -715724
5.40527 -309893
5.4134 319393
5.42058 715331
5.42962 724652
5.43751 304669
5.44648 -342593
5.45425 -716900
5.46369 -669801
5.47156 -250535
5.48136 403028
5.48919 714484
5.49952 589991
5.50732 164713
5.51595 -373376
5.52317 -665348
5.53423 -598498
5.54271 -183773
5.55341 425046
5.56151 675060
5.57063 589218
5.57822 263656
5.5899 -363258
5.59886 -643666
5.61016 -525996
5.61873 -151950
5.62837 329311
5.63642 591124
5.64876 537492
5.65825 171912
5.67021 -369085
5.67932 -596994
5.68956 -528039
5.69814 -242058
5.71119 309247
5.7213 565032
5.73395 475402
5.74369 150183
5.75462 -275588
5.76383 -514730
5.77762 -483100
5.78844 -169965
5.80184 300498
5.81233 515761
5.82689 417654
5.83754 113523
5.84944 -268047
5.85927 -471728
5.8749 -425157
5.88664 -136151
5.90179 295944
5.91312 471698
5.92599 416874
5.93669 196044
5.95331 -238352
5.96605 -439173
5.98221 -374540
5.99461 -125915
6.00859 203643
6.02041 392261
6.03804 379358
6.052 146921
6.06919 -210529
6.08292 -385949
6.10157 -334204
6.11567 -112701
6.13137 177496
6.14466 344349
6.16461 335855
6.18038 134322
6.19987 -178987
6.21547 -335265
6.23663 -296600
6.25273 -107020
6.27519 199115
6.29152 320441
6.31011 287468
6.32553 143761
6.3499 -147259
6.36855 -286861
6.39241 -258881
6.411 -103277
6.43712 157262
6.45643 267632
6.4783 248714
6.49675 131084
6.52486 -107025
6.54711 -232714
6.57474 -226738
6.59734 -105688
6.62724 101535
6.65109 209580
6.68276 200701
6.70769 90534.2
6.74167 -97110.6
6.76785 -188027
6.80447 -173511
6.83198 -74912.6
6.86355 63120.9
6.89077 149627
6.93021 168109
6.96332 94131
7.00209 -33503.6
7.03721 -123318
7.07775 -149520
7.11627 -98780.3
7.15684 -4670.71
7.19982 85260.9
7.23963 124569
7.28504 108302
7.32574 54335.2
7.37671 -27081.7
7.41941 -78555.5
7.48306 -99849.5
7.53747 -70044.7
7.59738 -12700.6
7.66555 46525.3
7.72752 73556
7.79984 69103.3
7.8643 42880.9
7.94749 -75.6285
8.01839 -29968.5
8.10803 -49224.1
8.21127 -47215.2
8.30527 -31852.7
8.43667 -5497.75
8.55909 13363.2
8.70878 24660.7
8.88938 25385.9
9.06998 19739.6
9.33798 10261.3
9.67062 2915.26
9.93596 156.876
10.1639 -982.855
10.3678 -1490.53
10.6284 -1784.42
10.8813 -1891.36
11.1263 -1925.2
11.354 -1932.02
11.5436 -1930.76
11.725 -1927.56
12.0751 -1920.96
12.4354 -1916.04
12.747 -1913.4
13.0613 -1911.81
13.3732 -1910.89
13.6857 -1910.38
13.9982 -1910.09
14.3109 -1909.93
14.4971 -1909.87
14.6834 -1909.83
